15
438 49
285 41
87 241
176 486
241 177
478 58
492 423
369 188
373 125
403 434
219 221
216 103
119 25
62 418
434 195
76 311
41 418
135 84
301 359
366 35
322 380
342 226
437 10
336 110
167 249
213 326
92 57
240 193
442 206
445 195
361 380
153 54
322 161
229 122
162 345
149 415
232 241
221 130
429 307
268 372
293 52
379 316
278 379
131 233
217 319
106 290
271 197
306 165
289 49
487 10
55 415
233 299
463 446
34 261
313 326
397 429
409 259
28 129
148 257
97 235
453 415
253 124
264 379
385 38
186 189
154 65
480 357
428 61
351 218
350 378
57 125
289 95
74 393
127 265
278 370
198 465
372 349
103 329
274 293
62 407
337 12
484 158
65 466
428 264
416 312
10 270
116 128
294 211
473 426
341 133
315 240
161 61
476 102
268 450
381 128
239 118
441 472
403 86
199 158
288 433
351 216
288 362
